上海市	76445046	1556913	23763.0	2116.0
东莞市	374	428	420.0	136.0
北京市	40909840	678520	25572.0	3910.0
南京市	48299174	746166	21170.0	847.0
咸阳市	283	800	338.0	68.0
天津市	40881084	823662	25202.0	1968.0
广州市	37048259	649720	19758.0	1013.0
廊坊市	63	9	20.0	0.0
成都市	43802113	636541	23533.0	3262.0
杭州市	44250063	458149	30976.0	6367.0
武汉市	62973042	802931	25501.0	2855.0
沈阳市	22337789	568691	21680.0	1631.0
深圳市	28680306	456625	21210.0	1979.0
湖州市	155	106	238.0	110.0
眉山市	10	2	20.0	0.0
绍兴市	88	77	40.0	10.0
衢州市	42	7	20.0	0.0
西安市	4148175	86633	11752.0	2556.0
重庆市	8512463	118055	11930.0	3247.0
金华市	10219	592	200.0	8.0
长沙市	48018863	664179	23736.0	2112.0
